Enter value1: Enter value2: 
Values input: 0.250000e3 0.200000e1
Sum: 0.252000e3
Difference: 0.248000e3
Product: 0.500000e3
Quotient: 0.125000e3
