Enter value1: Enter value2: 
Values input: 0.110200e4 0.455000e3
Sum: 0.155700e4
Difference: 0.647000e3
Product: 0.501410e6
Quotient: 0.242198e1
